0 165144
1 105
2 102
3 109
4 120
5 128
6 135
7 143
8 172
9 181
10 179
11 172
12 190
13 187
14 221
15 252
16 227
17 229
18 253
19 307
20 295
21 342
22 347
23 393
24 400
25 454
26 521
27 519
28 581
29 657
30 676
31 753
32 777
33 873
34 969
35 1020
36 1175
37 1215
38 1290
39 1357
40 1516
41 1586
42 1713
43 1839
44 2007
45 2126
46 2239
47 2361
48 2562
49 2614
50 2798
51 3032
52 3027
53 3287
54 3523
55 3615
56 3854
57 3917
58 4310
59 4397
60 4511
61 4822
62 5119
63 5327
64 5542
65 5645
66 6015
67 6145
68 6563
69 6768
70 7011
71 7374
72 7689
73 8040
74 8261
75 8696
76 9209
77 9528
78 9934
79 10497
80 10831
81 11091
82 11626
83 12562
84 12931
85 13486
86 13963
87 14745
88 15215
89 16030
90 16976
91 17447
92 18286
93 19502
94 20284
95 21450
96 22728
97 23930
98 24974
99 26343
100 27539
101 29187
102 30938
103 32947
104 34749
105 36517
106 38580
107 41590
108 43837
109 46380
110 49217
111 52297
112 56093
113 59328
114 63336
115 67535
116 71633
117 76356
118 81630
119 87333
120 93636
121 99238
122 105735
123 112779
124 119111
125 127203
126 135674
127 143829
128 152830
129 162238
130 171259
131 180121
132 189724
133 199926
134 208466
135 560406
136 1125680
137 922563
138 359224
139 301074
140 254717
141 260338
142 263079
143 266469
144 268287
145 268496
146 267338
147 265201
148 261308
149 256794
150 251759
151 245621
152 237005
153 228282
154 219424
155 210383
156 201967
157 191986
158 181521
159 172237
160 163200
161 153930
162 145203
163 135458
164 126915
165 118605
166 111428
167 103715
168 96914
169 91110
170 83939
171 78874
172 73423
173 68291
174 63497
175 59285
176 55743
177 51579
178 48153
179 45234
180 42212
181 39068
182 36984
183 34487
184 32658
185 30478
186 28856
187 27321
188 25632
189 24315
190 22877
191 21511
192 20420
193 19237
194 18661
195 17380
196 16740
197 15742
198 15233
199 14097
200 13932
201 13470
202 12902
203 12217
204 11942
205 11498
206 11162
207 10770
208 10271
209 10043
210 9718
211 9202
212 9069
213 8599
214 8363
215 7964
216 7832
217 7635
218 7411
219 7189
220 6877
221 6843
222 6761
223 6446
224 6435
225 6385
226 6384
227 6265
228 6203
229 6041
230 6084
231 6121
232 6165
233 5978
234 5804
235 5651
236 5651
237 8241
238 7029
239 8286
240 6910
241 6318
242 5609
243 4981
244 4349
245 3677
246 3182
247 2609
248 2330
249 2194
250 2030
251 1959
252 1712
253 1723
254 1464
255 44002
